1 255 210 132
2 191 232 254
3 232 191 247
4 0 117 76
5 169 169 0
6 122 131 74
7 0 169 231
8 254 190 190
9 163 3 128
10 217 214 159
11 61 166 0
12 178 216 155
13 1 36 113
14 204 206 99
15 255 255 255
16 255 236 183
17 216 195 150
18 115 254 224
19 255 255 115
20 0 120 76
21 113 165 10
22 116 114 0
23 200 215 160
24 139 67 71
25 255 167 4
26 0 90 236
27 250 170 11
28 254 242 190
29 255 82 2
30 227 79 0
31 170 54 0
32 217 213 166
33 130 130 130
34 204 204 204
35 0 115 77
36 216 228 162
37 168 168 4
38 110 168 4
39 160 215 194
40 233 229 0
41 0 114 253
42 188 233 255
43 255 114 224
44 253 2 194
45 255 189 230
46 153 229 0
47 255 235 188
48 255 255 255
49 156 169 85
50 113 117 0
51 77 115 0
52 117 223 249
53 169 169 0
54 44 111 3
55 114 167 0
56 255 255 186
57 231 231 2
58 2 168 129
59 170 170 0
60 255 255 191
61 170 0 130
62 136 90 68
63 0 168 129
64 3 113 76
65 0 230 169
66 208 255 113
67 0 169 130
68 255 115 222
69 255 165 124
70 255 255 255
